mean_CER_overall:0.38271153377225064
siteA:0.20698924731182797
siteB:0.9176470588235294
siteC:0.4084507042253521
siteD:0.2790933694181326
siteE:0.3107064017660044
siteF:0.514350143501435
